1 0.000010
2 0.000003
3 0.000002
4 0.000002
5 0.000002
6 0.000002
7 0.000002
8 0.000002
9 0.000002
10 0.000003
11 0.000003
12 0.000000
13 0.000000
14 0.000000
15 0.000000
16 0.000000
17 0.000000
18 0.000000
19 0.000000
20 0.000000
21 0.000000
22 0.000000
23 0.000000
24 0.000000
25 0.000000
26 0.000000
27 0.000003
28 0.000003
29 0.000003
30 0.000003
31 0.000003
32 0.000003
33 0.000002
34 0.000003
35 0.000002
36 0.000002
37 0.000002
38 0.000000
39 0.000002
40 0.000000
41 0.000002
42 0.000000
43 0.000000
44 0.000000
45 0.000000
46 0.000000
47 0.000000
48 0.000000
49 0.000000
50 0.000000
55 0.000003
60 0.000002
65 0.000002
70 0.000002
75 0.000003
80 0.000003
85 0.000003
90 0.000003
95 0.000000
100 0.000002
110 0.000003
120 0.000003
130 0.000003
140 0.000004
150 0.000003
160 0.000000
170 0.000002
180 0.000000
190 0.000003
200 0.000000
220 0.000005
240 0.000003
260 0.000004
280 0.000004
300 0.000004
320 0.000004
340 0.000003
360 0.000004
380 0.000004
400 0.000014
420 0.000000
440 0.000000
460 0.000000
480 0.000000
500 0.000000
520 0.000000
540 0.000000
560 0.000000
580 0.000000
600 0.000000
620 0.000000
640 0.000002
660 0.000001
680 0.000000
700 0.000002
720 0.000002
740 0.000002
760 0.000000
780 0.000002
800 0.000001
