1 0.000007
2 0.000002
3 0.000003
4 0.000003
5 0.000002
6 0.000003
7 0.000003
8 0.000003
9 0.000003
10 0.000004
11 0.000003
12 0.000002
13 0.000003
14 0.000002
15 0.000002
16 0.000002
17 0.000002
18 0.000002
19 0.000002
20 0.000003
21 0.000003
22 0.000003
23 0.000003
24 0.000003
25 0.000004
26 0.000003
27 0.000003
28 0.000003
29 0.000003
30 0.000004
31 0.000002
32 0.000002
33 0.000002
34 0.000002
35 0.000003
36 0.000003
37 0.000002
38 0.000003
39 0.000002
1 0.000004
2 0.000001
3 0.000002
4 0.000002
5 0.000002
6 0.000002
7 0.000002
8 0.000002
9 0.000002
10 0.000002
11 0.000003
12 0.000002
13 0.000002
14 0.000002
15 0.000002
16 0.000002
17 0.000003
18 0.000003
19 0.000003
20 0.000003
21 0.000003
22 0.000002
23 0.000002
24 0.000002
25 0.000003
26 0.000002
27 0.000002
28 0.000002
29 0.000002
30 0.000002
31 0.000002
32 0.000002
33 0.000002
34 0.000002
35 0.000002
36 0.000002
37 0.000002
38 0.000002
39 0.000002
40 0.000002
41 0.000002
42 0.000002
43 0.000002
44 0.000002
45 0.000002
46 0.000002
47 0.000002
48 0.000002
49 0.000002
50 0.000002
55 0.000003
60 0.000001
65 0.000001
70 0.000001
75 0.000002
80 0.000002
85 0.000002
90 0.000002
95 0.000002
100 0.000002
110 0.000002
120 0.000002
130 0.000002
140 0.000004
150 0.000003
160 0.000002
170 0.000002
180 0.000002
190 0.000002
200 0.000002
220 0.000005
240 0.000003
260 0.000003
280 0.000003
300 0.000003
320 0.000003
340 0.000002
360 0.000003
380 0.000003
400 0.000003
420 0.000004
440 0.000004
460 0.000003
480 0.000003
500 0.000004
520 0.000003
540 0.000004
560 0.000004
580 0.000003
600 0.000004
620 0.000003
640 0.000003
660 0.000004
680 0.000003
700 0.000003
720 0.000004
740 0.000004
760 0.000004
780 0.000004
800 0.000005
