10 0.000001 7
20 0.000000 9
50 0.000000 17
100 0.000003 34
200 0.000004 64
400 0.000000 129
800 0.000005 254
10 0.000001 7
20 0.000002 9
50 0.000000 17
100 0.000002 34
200 0.000000 64
400 0.000000 129
800 0.000000 254
1 0.000010 2
2 0.000001 3
3 0.000001 4
4 0.000001 4
5 0.000001 5
6 0.000001 5
7 0.000001 6
8 0.000001 6
9 0.000001 6
10 0.000001 7
11 0.000002 7
12 0.000001 7
13 0.000000 8
14 0.000000 8
15 0.000000 8
16 0.000000 8
17 0.000000 9
18 0.000000 9
19 0.000000 9
20 0.000000 9
21 0.000000 10
22 0.000001 10
23 0.000000 10
24 0.000000 10
25 0.000000 10
26 0.000000 11
27 0.000000 11
28 0.000001 11
29 0.000001 11
30 0.000000 11
31 0.000001 12
32 0.000000 12
33 0.000001 12
34 0.000001 12
35 0.000001 13
36 0.000001 13
37 0.000000 13
38 0.000001 14
39 0.000001 14
40 0.000001 14
41 0.000001 15
42 0.000001 15
43 0.000001 15
44 0.000001 16
45 0.000001 16
46 0.000001 16
47 0.000001 16
48 0.000001 17
49 0.000001 17
50 0.000000 17
55 0.000001 19
60 0.000001 22
65 0.000001 24
70 0.000001 25
75 0.000000 27
80 0.000001 28
85 0.000001 29
90 0.000001 30
95 0.000001 31
100 0.000001 34
110 0.000000 39
120 0.000000 42
130 0.000000 44
140 0.000002 46
150 0.000001 48
160 0.000002 52
170 0.000000 57
180 0.000000 60
190 0.000000 62
200 0.000000 64
220 0.000002 71
240 0.000002 79
260 0.000002 83
280 0.000002 90
300 0.000002 98
320 0.000002 103
340 0.000003 112
360 0.000003 117
380 0.000003 121
400 0.000003 129
420 0.000000 135
440 0.000000 140
460 0.000000 148
480 0.000000 153
500 0.000000 159
520 0.000001 167
540 0.000000 172
560 0.000004 178
580 0.000004 185
600 0.000000 189
620 0.000004 196
640 0.000000 203
660 0.000004 208
680 0.000000 214
700 0.000000 222
720 0.000000 227
740 0.000004 236
760 0.000000 241
780 0.000000 245
800 0.000005 254
