1 0.000008
2 0.000002
3 0.000002
4 0.000003
5 0.000002
6 0.000002
7 0.000002
8 0.000002
9 0.000002
10 0.000002
11 0.000004
12 0.000000
13 0.000000
14 0.000000
15 0.000003
16 0.000000
17 0.000000
18 0.000000
19 0.000002
20 0.000000
21 0.000002
22 0.000000
23 0.000000
24 0.000000
25 0.000000
26 0.000000
27 0.000000
28 0.000000
29 0.000000
30 0.000000
31 0.000000
32 0.000000
33 0.000000
34 0.000000
35 0.000000
36 0.000000
37 0.000000
38 0.000000
39 0.000000
40 0.000000
41 0.000000
42 0.000000
43 0.000000
44 0.000000
45 0.000000
46 0.000000
47 0.000000
48 0.000000
49 0.000000
50 0.000000
55 0.000000
60 0.000000
65 0.000000
70 0.000000
75 0.000000
80 0.000000
85 0.000000
90 0.000000
95 0.000000
100 0.000000
110 0.000001
120 0.000001
130 0.000000
140 0.000000
150 0.000002
160 0.000000
170 0.000002
180 0.000001
190 0.000002
200 0.000001
220 0.000000
240 0.000000
260 0.000000
280 0.000000
300 0.000000
320 0.000000
340 0.000000
360 0.000000
380 0.000000
400 0.000000
420 0.000005
440 0.000007
460 0.000004
480 0.000004
500 0.000004
520 0.000005
540 0.000004
560 0.000003
580 0.000005
600 0.000009
620 0.000005
640 0.000002
660 0.000003
680 0.000002
700 0.000005
720 0.000003
740 0.000006
760 0.000008
780 0.000006
800 0.000006
